0.1067 0.4404 0.7582 1.041 1.2666 1.412 1.4577 1.3925 1.2179 0.9502 0.6181 0.2591 -0.0871 -0.3845 -0.6066 -0.7393 -0.7822 -0.7471 -0.6549 -0.5314 -0.4028 -0.2926 -0.2181 -0.1897 -0.2096 -0.2728 -0.3683 -0.4809 -0.5941 -0.693 -0.7667 -0.8106 -0.8266 -0.8225 -0.8092
-0.7972 -0.7933 -0.7981 -0.8044 -0.799 -0.7644 -0.6825 -0.5385 -0.3238 -0.0381 0.3095 0.701 1.1103 1.5063 1.8552 2.1245 2.2872 2.3256 2.2343 2.0216 1.7089 1.3282 0.9169 0.5127 0.1471 -0.1585 -0.394 -0.5607 -0.6675 -0.7281 -0.7571 -0.7674 -0.7694 -0.7708 -0.7765 -0.7901 -0.8137 -0.8478 -0.8917 -0.9426
-0.9957 -1.0443 -1.0798 -1.0923 -1.0709 -1.0047 -0.8839 -0.702 -0.4579 -0.1577 0.185 0.5499 0.9115 1.2426 1.5166 1.7111 1.8107 1.8094 1.7119 1.534 1.3005 1.0409 0.7843 0.5535 0.3615 0.2102 0.0922 -0.0056 -0.0972 -0.1933 -0.299 -0.4132 -0.5303 -0.6428 -0.7443 -0.8325 -0.9093 -0.9808 -1.0543 -1.1357
-1.2266 -1.3221 -1.4103 -1.4734 -1.4903 -1.4401 -1.307 -1.0841 -0.7764 -0.401 0.0144 0.4352 0.8256 1.1541 1.3978 1.5454 1.5986 1.5702 1.4814 1.3569 1.2205 1.0907 0.9781 0.8846 0.8048 0.7288 0.6458 0.5473 0.4296 0.2944 0.148 -0.0006 -0.1421 -0.2696 -0.3805 -0.4766 -0.5643 -0.652 -0.7477 -0.8567 -0.9791
-1.109 -1.2341 -1.3375 -1.3998 -1.4023 -1.331 -1.1797 -0.9522 -0.6626 -0.3331 0.0096 0.3387 0.6311 0.87 1.0452 1.1536 1.1975 1.1842 1.1245 1.032 0.9218 0.8089 0.7063 0.6226 0.5608 0.5179 0.4849 0.4497 0.3998 0.3257 0.2232 0.0946 -0.0516 -0.2037 -0.3501 -0.4828 -0.5996 -0.7046 -0.8059 -0.9121 -1.0278
-1.1502 -1.2672 -1.3584 -1.3991 -1.3662 -1.2442 -1.0308 -0.7382 -0.392 -0.0259 0.3246 0.6291 0.8661 1.0259 1.11 1.1287 1.0975 1.0341 0.9544 0.8712 0.793 0.7241 0.6656 0.6164 0.5745 0.5369 0.5003 0.4607 0.413 0.3515 0.2706 0.1656 0.0339 -0.124 -0.3042 -0.4988 -0.6968 -0.8845
-1.047 -1.1697 -1.2401 -1.2494 -1.1937 -1.0751 -0.9015 -0.6859 -0.4446 -0.1954 0.0456 0.2649 0.4528 0.6034 0.7136 0.7822 0.8102 0.8003 0.7577 0.6897 0.6057 0.5154 0.4277 0.3491 0.2828 0.2282 0.1819 0.1386 0.0925 0.0389 -0.0249 -0.0996 -0.1841 -0.2765 -0.3753 -0.4797 -0.5901 -0.7072 -0.8307
-0.9574 -1.0796 -1.185 -1.2565 -1.2754 -1.224 -1.0896 -0.8675 -0.5631 -0.1921 0.2208 0.6448 1.0471 1.3969 1.67 1.852 1.9392 1.9387 1.8655 1.7382 1.5751 1.3907 1.1937 0.9872 0.7711 0.544 0.3067 0.063 -0.1798 -0.4121 -0.6239 -0.807 -0.957 -1.0742 -1.1638 -1.235 -1.2985 -1.3647 -1.4401 -1.5253
-1.6135 -1.6902 -1.7349 -1.725 -1.6398 -1.4662 -1.2027 -0.8613 -0.4663 -0.0501 0.3525 0.711 1.0042 1.2233 1.3718 1.4628 1.5149 1.5468 1.5725 1.5981 1.6214 1.6334 1.6217 1.5741 1.4826 1.3447 1.1633 0.9456 0.701 0.4388 0.1675 -0.1059 -0.3756 -0.6375 -0.8886 -1.1273 -1.353 -1.5656 -1.7644 -1.9463
-2.1047 -2.2285 -2.3011 -2.3023 -2.2101 -2.0055 -1.6774 -1.2269 -0.6712 -0.0441 0.6067 1.2267 1.7629 2.1729 2.4321 2.5357 2.498 2.3466 2.1165 1.8425 1.5549 1.2757 1.0184 0.7888 0.5869 0.4089 0.2493 0.1023 -0.0373 -0.1735 -0.3088 -0.4454 -0.5845 -0.7273 -0.8747 -1.0271 -1.1836 -1.3412 -1.494
-1.6321 -1.7423 -1.8084 -1.8133 -1.7413 -1.5812 -1.3294 -0.9921 -0.5868 -0.1415 0.3081 0.7227 1.0647 1.3034 1.4192 1.4066
1.2755 1.0502 0.7662 0.4652 0.1891 -0.027 -0.1604 -0.2037 -0.1653 -0.0663 0.0644 0.1957 0.2995 0.3553 0.3526 0.2912 0.1803 0.0355
-0.1246 -0.2812 -0.4182 -0.5224 -0.5838 -0.594 -0.5458 -0.4333 -0.2534 -0.0082 0.2921 0.6277 0.9694 1.2814 1.5267 1.6731 1.7003 1.6039 1.3973 1.109 0.7767 0.4397 0.131 -0.128 -0.3302 -0.4803 -0.5909 -0.6766 -0.7492 -0.8142 -0.8705 -0.9119 -0.9296 -0.9159 -0.867 -0.7851 -0.6785 -0.5616 -0.4528 -0.3724 -0.34 -0.3711 -0.4739 -0.6459
-0.8715 -1.1221 -1.3583 -1.5356 -1.6116 -1.5543 -1.3489 -1.0012 -0.5377 -0.0014 0.5555 1.0799 1.5256 1.8597 2.0661 2.1459 2.1148 1.998 1.8246 1.6224 1.4135 1.2128 1.0278 0.8609 0.7107 0.5743 0.4485 0.3295 0.2134 0.0955 -0.0292 -0.1658 -0.3189 -0.4915 -0.6846 -0.8964 -1.1224 -1.3545 -1.5815
-1.7885 -1.9569 -2.0655 -2.092 -2.0164 -1.8255 -1.5168 -1.1015 -0.6053 -0.0653 0.4751 0.9721 1.3886 1.6979 1.8867 1.9551 1.9155 1.7889 1.6017 1.3815 1.1532 0.9365 0.7432 0.5774 0.4363 0.3121 0.1953 0.0767 -0.0505 -0.1905 -0.3448 -0.5134 -0.6956 -0.89 -1.095 -1.307 -1.5192
-1.7203 -1.8931 -2.0156 -2.0633 -2.0129 -1.8476 -1.5613 -1.1621 -0.6726 -0.1274 0.4318 0.9625 1.4279 1.8009 2.0669 2.2233 2.278 2.2466 2.1489 2.0062 1.8383 1.6607 1.4833 1.3093 1.1361 0.9574 0.7658 0.5557 0.3248 0.0745 -0.1901 -0.4622 -0.735 -1.0026 -1.2613 -1.5096 -1.7472 -1.9733 -2.1842
-2.3711 -2.5182 -2.6035 -2.6014 -2.4882 -2.2483 -1.8797 -1.3969 -0.8306 -0.2223 0.3819 0.9385 1.4127 1.7817 2.0358 2.1779 2.2206 2.1831 2.0875 1.9551 1.8036 1.6447 1.4837 1.3195 1.1474 0.9612 0.7568 0.5338 0.2963 0.0517 -0.1917 -0.4274 -0.6538 -0.8738 -1.0941 -1.3213 -1.5572
-1.7954 -2.0187 -2.2006 -2.3083 -2.3091 -2.1769 -1.8988 -1.4794 -0.9415 -0.3243 0.3228 0.9466 1.4978 1.9372 2.24 2.3974 2.4159 2.3143 2.1198 1.8627 1.5726 1.2739 0.9841 0.7124 0.461 0.2271 0.0058 -0.2075 -0.4154 -0.6178 -0.8127 -0.9984 -1.1745 -1.3434 -1.5102 -1.6802 -1.8557
-2.0326 -2.1971 -2.3254 -2.3856 -2.3428 -2.1666 -1.8384 -1.3577 -0.745 -0.0406 0.7007 1.4177 2.0522 2.5565 2.8997 3.0699 3.0735 2.9331 2.6821 2.36 2.0065 1.6565 1.3354 1.0569 0.8229 0.6253 0.4507 0.2846 0.115 -0.065 -0.2576 -0.4615 -0.6741 -0.8939 -1.1217 -1.3597 -1.6095 -1.8687 -2.1284
-2.3708 -2.5706 -2.6977 -2.7228 -2.6233 -2.3887 -2.0242 -1.55 -0.9985 -0.4091 0.1774 0.7239 1.2007 1.5874 1.874 2.0601 2.1532 2.1667 2.1168 2.0201 1.8911 1.7411 1.5773 1.4025 1.2159 1.0141 0.7926 0.5475 0.2777 -0.0146 -0.3226 -0.6366 -0.9448 -1.2355 -1.4978 -1.722
-1.8992 -2.0199 -2.0733 -2.0486 -1.9364 -1.7318 -1.4381 -1.0679 -0.6438 -0.1955 0.2442 0.6442 0.9795 1.2335 1.3989 1.4774 1.4779 1.4149 1.3059 1.1698 1.0252 0.8887 0.7738 0.6904 0.6446 0.6379 0.6674 0.7246 0.7957 0.8609 0.8959 0.8742 0.7713 0.5691 0.2619 -0.1412 -0.6142 -1.118 -1.6046
-2.0246 -2.3339 -2.4989 -2.5013 -2.3393 -2.0288 -1.6005 -1.0971 -0.5673 -0.0602 0.3813 0.725 0.9532 1.0636 1.0689 0.9933 0.8684 0.7275 0.6011 0.5116 0.471 0.4788 0.5237 0.5867 0.6458 0.6812 0.6794 0.6359 0.5544 0.4454 0.322 0.1956 0.0731 -0.0453 -0.1649 -0.2943 -0.4406 -0.6065 -0.7869
-0.969 -1.1328 -1.2553 -1.3137 -1.2907 -1.1777 -0.9774 -0.7037 -0.3796 -0.0345 0.3002 0.5951 0.8268 0.9808 1.0538 1.0527 0.993 0.8943 0.7756 0.6518 0.5316 0.4178 0.3095 0.2052 0.1056 0.0147 -0.0605 -0.113 -0.1389 -0.1404 -0.1267 -0.1128 -0.1153 -0.1475 -0.2153
-0.3142 -0.43 -0.5414 -0.6254 -0.6626 -0.6419 -0.5633 -0.4377 -0.284 -0.1245 0.02 0.1351 0.2151 0.2626 0.2866 0.299 0.31 0.326 0.348 0.3721 0.3921 0.4019 0.3976 0.3791 0.349 0.3123 0.2736 0.2357 0.1986 0.1599 0.1151 0.0596 -0.0101 -0.095 -0.1935 -0.302 -0.4151 -0.5264
-0.6289 -0.7148 -0.7755 -0.8024 -0.788 -0.7277 -0.6213 -0.4743 -0.2971 -0.1043 0.0877 0.2633 0.4097 0.5183 0.5858 0.6139 0.6088 0.5795 0.5363 0.4891 0.4458 0.4116 0.3885 0.3754 0.3691 0.3653 0.3594 0.3475 0.3265 0.294 0.2474 0.1839 0.1004 -0.0051 -0.1326 -0.2789 -0.4365 -0.595 -0.7416 -0.8641
-0.952 -0.9981 -0.999 -0.9545 -0.8676 -0.7434 -0.5891 -0.4133 -0.2259 -0.0379 0.1393 0.2939 0.4153 0.4958 0.5321 0.5265 0.4875 0.428 0.3632 0.3074 0.2706 0.2572 0.2645 0.2841
0.3041 0.3124 0.2993 0.2614 0.2019 0.1306 0.0613 0.0086 -0.0163 -0.0082 0.0304 0.0904 0.1579 0.2174 0.256 0.2649 0.2418 0.1902 0.1177 0.0345 -0.05 -0.1282 -0.1954 -0.25
-0.2923 -0.3232 -0.3429 -0.3507 -0.3445 -0.3217 -0.2807 -0.2214 -0.1465 -0.0614 0.0263 0.1084 0.1773 0.2276 0.2569 0.2655 0.2557 0.2303 0.192 0.1422 0.0812 0.0079 -0.0796 -0.1826 -0.3011 -0.432
-0.5681 -0.6983 -0.8081 -0.8815 -0.9045 -0.8673 -0.7671 -0.6091 -0.4061 -0.1764 0.0592 0.2808 0.4719 0.6217 0.7256 0.7848 0.8056 0.7971 0.77 0.7337 0.6955 0.659 0.6242 0.5876 0.5442 0.4886 0.4172 0.3293 0.2282 0.1205 0.0152 -0.0786 -0.1541 -0.2093 -0.2473 -0.277 -0.3103 -0.3589 -0.4313
-0.5287 -0.644 -0.7617 -0.8602 -0.9164 -0.9111 -0.8335 -0.6842 -0.4764 -0.2327 0.0189 0.2505 0.4398 0.5734 0.648 0.6694 0.6494 0.6022 0.5411 0.4757 0.4115 0.3497 0.2893 0.2286 0.1671 0.106 0.0485 -0.0013 -0.0399 -0.0663 -0.0823 -0.0935 -0.1082 -0.1354 -0.183 -0.2546 -0.3487
-0.4575 -0.5681 -0.6644 -0.7297 -0.7501 -0.7166 -0.6274 -0.4883 -0.3117 -0.1138 0.0878 0.2776 0.4437 0.5788 0.6795 0.7455 0.7781 0.7798 0.7533 0.7022 0.6303 0.5426 0.4447 0.3431 0.2446 0.155 0.078 0.0144 -0.0381 -0.0841 -0.1296 -0.1798 -0.2382 -0.3056 -0.3801 -0.4571 -0.5308 -0.595
-0.6438 -0.6724 -0.6775 -0.657 -0.6098 -0.5366 -0.4388 -0.3194 -0.1826 -0.0338 0.1204 0.2725 0.4145 0.5378 0.6347 0.6981 0.7233 0.7091 0.6582 0.578 0.4794 0.3753 0.2778 0.1962 0.135 0.0934 0.0663 0.0453 0.0215 -0.0127 -0.0616 -0.1259 -0.2033 -0.2892 -0.3787 -0.4673 -0.5521 -0.6307
-0.7011 -0.7598 -0.8012 -0.8171 -0.7982 -0.7356 -0.6242 -0.4647 -0.2651 -0.0398 0.1919 0.4097 0.595 0.7343 0.8204 0.8535 0.8402 0.7919 0.7222 0.6448 0.5711 0.5088 0.4611 0.4276 0.4042 0.3846 0.3613 0.3268 0.2753 0.2034 0.1111 0.0022 -0.1166 -0.2372 -0.3518 -0.455 -0.545 -0.6233 -0.694 -0.7607
-0.8245 -0.8815 -0.9228 -0.9353 -0.9051 -0.8214 -0.6803 -0.4871 -0.2569 -0.0119 0.2224 0.4224 0.5707 0.6592 0.6903 0.6755 0.6321 0.5789 0.5319 0.5007 0.4871 0.4857 0.4865 0.4786 0.4536 0.4079 0.3429 0.2639 0.178 0.0914 0.0075 -0.074 -0.1565 -0.2455 -0.3458 -0.4599
-0.5852 -0.7138 -0.832 -0.9224 -0.9665 -0.9486 -0.8598 -0.7004 -0.4814 -0.2234 0.0474 0.3031 0.5194 0.6795 0.7766 0.8138 0.8026 0.7594 0.7017 0.6443 0.5967 0.5616 0.5354 0.5101 0.476 0.4248 0.3519 0.2576 0.147 0.0287 -0.0878 -0.1944 -0.2865 -0.3638 -0.43 -0.4916 -0.5551 -0.6254 -0.7037 -0.7866
-0.866 -0.9305 -0.9668 -0.9625 -0.9086 -0.8019 -0.6465 -0.4531 -0.2382 -0.0205 0.182 0.3545 0.4876 0.5779 0.6269 0.6399 0.6243 0.5881 0.5389 0.4828 0.4248 0.3681 0.3148 0.2658 0.2217 0.1824 0.1479 0.1182 0.0932 0.0727 0.0571 0.047 0.0434 0.0473 0.059 0.078 0.1018 0.1268 0.1483 0.1615 0.1623 0.1483 0.1196
0.0785 0.0297 -0.021 -0.0669 -0.102 -0.1215 -0.1231 -0.1069 -0.0757 -0.0344 0.011 0.0542 0.0897 0.1134 0.1231 0.1179 0.098 0.0645 0.0196 -0.0334 -0.0901 -0.1452 -0.193 -0.2291 -0.252 -0.2634 -0.2693 -0.279 -0.3031 -0.3512 -0.4288 -0.5359
-0.665 -0.8024 -0.9295 -1.0257 -1.0718 -1.0529 -0.9612 -0.7963 -0.5663 -0.2855 0.0268 0.3496 0.6615 0.9428 1.1766 1.3495 1.4523 1.4811 1.4375 1.329 1.1681 0.9706 0.7538 0.534 0.3249 0.1369 -0.0234 -0.1525 -0.2497 -0.3165 -0.3558 -0.3723 -0.3717 -0.3605 -0.3462 -0.3359 -0.3364 -0.3523
-0.3857 -0.4347 -0.493 -0.5506 -0.594 -0.6081 -0.5787 -0.4952 -0.3526 -0.1544 0.0871 0.3513 0.6108 0.836 0.9993 1.0807 1.0721 0.9794 0.8224 0.6309 0.4378 0.2719 0.1509 0.078 0.0421 0.0222 -0.0055 -0.0611 -0.1555 -0.2886 -0.4504 -0.6248 -0.7941 -0.9441 -1.0655 -1.1548 -1.2123
-1.2397 -1.2382 -1.2072 -1.1447 -1.0484 -0.9166 -0.7491 -0.5476 -0.3154 -0.0575 0.2191 0.5048 0.7876 1.0523 1.2816 1.4579 1.5662 1.598 1.5538 1.4446 1.2906 1.1169 0.9479 0.8009 0.6821 0.5857 0.4969 0.3974 0.2718 0.1133 -0.074 -0.276 -0.473 -0.6457 -0.7813 -0.8766 -0.9391 -0.9839 -1.0281 -1.0847
-1.1577 -1.2394 -1.3119 -1.3506 -1.3306 -1.2327 -1.0486 -0.7827 -0.4524 -0.0851 0.2863 0.6283 0.9117 1.1157 1.2301 1.2565 1.2072 1.1024 0.966 0.8218 0.6896 0.5815 0.5015 0.4452 0.4025 0.3609 0.3097 0.2433 0.163 0.076 -0.0073 -0.0777 -0.1319 -0.1743 -0.2176 -0.2786
-0.373 -0.508 -0.677 -0.8578 -1.0152 -1.1081 -1.1002 -0.9702 -0.7194 -0.3732 0.0231 0.4142 0.7464 0.9792 1.0916 1.0849 0.979 0.806 0.6021 0.3997 0.2219 0.08 -0.0256 -0.1021 -0.1593 -0.2054 -0.245 -0.2785 -0.3041 -0.3206 -0.3295 -0.3363 -0.3492 -0.3773 -0.4267
-0.4982 -0.5849 -0.6729 -0.7431 -0.7751 -0.751 -0.6597 -0.4992 -0.2777 -0.013 0.2703 0.5438 0.7795 0.9534 1.0481 1.0557 0.9791 0.8329 0.642 0.4378 0.2532 0.1151 0.0383 0.021 0.046 0.0856 0.1101 0.0967 0.0365 -0.0626 -0.1789 -0.2843 -0.3537 -0.3755 -0.3566 -0.322 -0.3071
-0.3461 -0.4583 -0.6394 -0.8576 -1.0598 -1.1832 -1.1725 -0.9954 -0.6537 -0.1853 0.3435 0.8532 1.2709 1.5468 1.6648 1.6421 1.5203 1.35 1.1755 1.022 0.8924 0.7707 0.633 0.4602 0.2477 0.0094 -0.226 -0.4246 -0.5586 -0.6154 -0.6021 -0.5426 -0.4704 -0.4196 -0.4165 -0.4743 -0.592 -0.7562 -0.9455
-1.1341 -1.2964 -1.4091 -1.4541 -1.4195 -1.3015 -1.105 -0.8441 -0.541 -0.2236 0.0786 0.3393 0.5403 0.6748 0.7476 0.7732 0.7706 0.7583 0.749 0.7475 0.7503 0.7493 0.7354 0.7027 0.6509 0.5853 0.5142 0.4463 0.3869 0.3369 0.2932 0.2506 0.2048 0.1548 0.1038 0.0578 0.0233 0.0037 -0.0029 -0.0042
-0.0111 -0.0345 -0.0799 -0.1448 -0.2173 -0.279 -0.3099 -0.2948 -0.2291 -0.1213 0.0077 0.1299 0.217 0.2479 0.2146 0.1236 -0.0059 -0.1474 -0.2745 -0.3669 -0.4147 -0.4191 -0.3904 -0.3434 -0.2931 -0.2511 -0.2251 -0.2194 -0.2369 -0.2808 -0.354
-0.4568 -0.5845 -0.7233 -0.8505 -0.9365 -0.9507 -0.869 -0.6813 -0.3961 -0.0407 0.3431 0.7077 1.0096 1.2176 1.3189 1.3192 1.239 1.1071 0.9526 0.7976 0.6537 0.5225 0.3989 0.2768 0.1544 0.037 -0.0641 -0.1354 -0.1669 -0.1581 -0.1203 -0.0752 -0.0497 -0.0672 -0.1408 -0.2681 -0.4317
-0.6037 -0.7534 -0.8552 -0.8941 -0.8677 -0.7842 -0.6577 -0.503 -0.3317 -0.1508 0.0362 0.2262 0.4134 0.5872 0.7316 0.8283 0.86 0.8166 0.6989
0.5212 0.3094 0.0963 -0.0851 -0.2097 -0.265 -0.254 -0.1923 -0.1032 -0.011 0.0656 0.116 0.1379 0.1351 0.1134 0.0768 0.0266 -0.0393 -0.1237 -0.2274 -0.3464
-0.4704 -0.5835 -0.6672 -0.7045 -0.6852 -0.6084 -0.4837 -0.3286 -0.164 -0.0085 0.1255 0.2339 0.3205 0.3931 0.4597 0.5246 0.5855 0.6344 0.6604 0.6536 0.6097 0.5327 0.4341 0.3307 0.2388 0.1696 0.1251 0.0976 0.0713 0.0281 -0.047 -0.1601 -0.3058 -0.468 -0.6232 -0.7472 -0.821
-0.8359 -0.795 -0.7113 -0.604 -0.4922 -0.3895 -0.3014 -0.2242 -0.148 -0.0612 0.0441 0.1688 0.3052 0.439 0.5528 0.6316 0.6669 0.6598 0.6199 0.5629 0.5047 0.4571 0.4235 0.3986 0.3703 0.3251 0.2524 0.1494 0.0223 -0.1157 -0.2479 -0.3603 -0.4448
-0.5016 -0.5369 -0.5588 -0.5722 -0.5747 -0.5561 -0.5017 -0.3983 -0.2412 -0.039 0.1849 0.3962
0.5575 0.638 0.6235 0.5208 0.3579 0.1768 0.0223 -0.0696 -0.0817 -0.0194 0.0916 0.2129 0.3044 0.3359 0.295 0.1898 0.0453 -0.1051 -0.2307 -0.3124 -0.3486 -0.3538 -0.3528 -0.3711
-0.4254 -0.517 -0.6304 -0.7375 -0.806 -0.8088 -0.7319 -0.5782 -0.367 -0.1274 0.1084 0.314 0.4726 0.579 0.6374 0.6569 0.6476 0.6182 0.5754 0.5249 0.473 0.4273 0.3958 0.385 0.397 0.4275 0.4654 0.4949 0.4992 0.4646 0.3846 0.2616 0.1057 -0.0677 -0.2427 -0.4064 -0.5511 -0.6742 -0.7765
-0.8581 -0.9167 -0.9459 -0.9372 -0.883 -0.78 -0.6318 -0.4493 -0.2487 -0.048 0.1375 0.2976 0.4288 0.5325 0.6122 0.6704 0.7063 0.715 0.6899 0.6257 0.5219
0.3851 0.2297 0.0756 -0.056 -0.1474 -0.189 -0.1817 -0.1367 -0.0727 -0.0111 0.0286 0.0334 -0.0014 -0.0719 -0.1679
-0.2753 -0.3792 -0.4661 -0.5251 -0.5485 -0.5316 -0.4734 -0.3761 -0.2459 -0.093 0.0693 0.2257
