0.0628
1.1184
2.1771
2.63
1.9549
1.3586
0.9098
0.3374
-0.5908
-2.964
-3.8688
-3.5678
-3.2628
-2.8816
-2.4754
-1.9483
-1.4782
-1.312
-1.237
-1.3382
-1.4686
-1.366
-1.1806
-1.0249
-0.8857
-0.7673
-0.6777
-0.5621
-0.3471
-0.1591
0.003
-0.5456
-1.4875
-2.261
-2.2919
-2.3431
-2.1756
-1.9664
-1.5756
-0.9026
-0.1561
0.74
1.6792
3.6434
5.5983
6.4101
6.6034
6.7902
5.9016
4.8889
4.4202
4.3962
3.9512
2.8768
1.9702
1.5737
1.1739
0.8449
0.5373
0.0021
-0.8728
-1.7514
-2.5272
-2.9869
-3.4509
-3.9219
-4.4055
-4.8936
-5.2756
-4.6668
-4.0623
-3.4492
-2.768
-2.0904
-1.4901
-0.9419
-0.396
-0.6215
-0.9336
-1.1266
-1.2681
-1.457
-1.6563
-1.8531
-1.7686
-1.578
-0.4644
0.6546
1.2582
1.8685
2.7397
3.8722
4.7635
5.2002
5.3478
4.8094
4.28
3.9205
3.6566
3.4014
2.9929
1.9461
0.9069
0.3777
0.2665
0.1195
-0.1
-0.3339
-0.6397
-0.9157
-1.0382
-1.1513
-1.2198
-1.2941
-1.4813
-1.6696
-1.8672
-2.071
-2.2294
-2.3702
-2.3602
-2.288
-2.2196
-2.512
-2.8272
-3.0002
-3.1146
-3.2247
-3.3356
-3.3948
-3.329
-3.2653
-3.2032
-1.9193
-0.636
0.6223
1.7814
2.9415
4.313
5.7098
6.7912
6.6048
6.1407
4.838
3.6456
3.0625
2.5008
2.0442
1.6227
1.2786
0.9567
0.714
0.4567
0.133
-0.1696
-0.361
-0.5516
-0.7132
-0.8735
-0.997
-1.1057
-1.2552
-1.4462
-1.6396
-1.7945
-1.9187
-2.0465
-2.1331
-2.1562
-2.1835
-2.3148
-2.532
-2.709
-2.8237
-2.939
-3.0516
-3.1486
-3.1397
-3.1113
-2.6524
-2.1963
-1.3001
0.4154
2.0726
3.2185
4.3634
5.3313
6.2986
5.9884
5.6105
4.7001
3.6562
3.1671
2.8163
2.4312
1.8533
1.2745
0.981
0.7578
0.5331
0.1047
-0.3615
-0.83
-0.9785
-1.0942
-1.2131
-1.3354
-1.5322
-1.7406
-1.9609
-2.1906
-2.2294
-2.167
-2.3317
-2.62
-2.8387
-3.0211
-3.2222
-3.4305
-3.6206
-3.752
-3.8496
-3.6409
-3.4311
-2.7971
-2.086
-1.373
-0.6562
1.5859
4.3403
5.1263
5.5705
5.739
5.7267
5.7222
5.1451
4.474
3.8113
2.9818
1.9465
1.4161
1.8161
1.9693
1.8186
1.6698
1.4289
1.194
-0.1427
-1.3473
-1.4018
-1.453
-1.5314
-1.6078
-1.8491
-2.1082
-2.1451
-2.1709
-2.27
-2.4095
-2.459
-2.4613
-2.4786
-2.609
-2.7425
-2.8793
-2.8832
-2.8833
-2.8867
-2.9236
-2.9885
-3.0561
-2.195
-1.336
-0.2005
1.3509
2.5909
3.2537
3.8962
4.5022
5.0331
5.1408
5.1904
4.1345
3.0791
2.5719
2.1619
1.8754
1.6109
1.3146
0.959
0.6544
0.4444
0.2446
0.0768
-0.1
-0.3483
-0.6014
-0.8652
-1.1315
-1.2319
-1.3055
-1.3824
-1.4988
-1.6549
-1.8147
-1.9973
-2.2607
-2.5105
-2.6095
-2.7118
-2.7887
-2.8552
-2.8057
-2.7583
-2.8587
-3.009
-2.8912
-2.629
-2.1452
-1.3287
-0.2334
1.2802
2.6963
3.5506
4.4078
4.9828
5.5109
5.1157
4.5608
4.0163
3.4792
3.1062
2.8233
2.5125
1.9249
1.3399
0.8823
0.7183
0.5556
0.2688
-0.1704
-0.4534
-0.5807
-0.7475
-0.9629
-1.1501
-1.3027
-1.4756
-1.7029
-1.8833
-1.9735
-2.0683
-2.1672
-2.3151
-2.6435
-2.9771
-3.0323
-3.0776
-3.3035
-3.5534
-3.7775
-4.0037
-3.6936
-3.3861
-2.4047
-1.2558
-0.4102
0.1329
0.6761
1.6868
2.8988
4.1124
5.3281
5.9143
5.7308
5.5504
5.3025
4.9262
4.5536
4.1845
3.4447
2.6886
2.2734
1.9206
1.5803
1.2447
0.4476
-0.5975
-1.1378
-1.3416
-1.5806
-1.8551
-2.1242
-2.2784
-2.4339
-2.6504
-2.9008
-3.1565
-3.4148
-3.5791
-3.7283
-3.9626
-4.2193
-4.3104
-4.3307
-4.3515
-4.2838
-4.1681
-3.9931
-3.2931
-2.5908
-0.9979
1.0765
2.3636
3.5673
4.915
6.2927
6.9906
7.4007
7.0459
6.2821
5.3869
4.1765
3.146
2.8161
2.4921
1.9198
1.289
0.9346
0.7654
0.5406
0.2304
-0.0369
-0.2413
-0.4454
-0.4335
-0.4114
-0.8558
-1.6829
-2.2913
-2.4915
-2.6885
-2.7469
-2.8106
-2.8798
-3.1081
-3.3505
-3.5561
-3.7597
-3.8582
-3.9624
-4.1545
-4.3373
-4.2504
-4.1676
-3.437
-2.5945
-1.7788
-0.9662
-0.0633
0.8492
2.879
4.9683
5.4461
5.7464
5.5606
5.168
5.1745
5.3973
5.1987
4.6558
4.0837
3.475
2.8689
2.3534
2.1052
1.8582
1.547
1.2244
0.9012
0.6362
0.3692
-0.6989
-1.7563
-1.8921
-2.0327
-2.2406
-2.488
-2.6981
-2.8964
-3.0615
-3.2012
-3.3616
-3.5816
-3.8571
-4.2288
-4.5989
-4.9547
-5.2637
-5.0943
-4.852
-4.1682
-3.466
-2.5612
-1.5875
0.0326
1.6512
3.243
4.3327
5.4236
5.785
5.9054
6.0294
6.1173
6.1928
6.1755
5.278
4.3872
3.4042
2.1974
1.3022
0.9796
0.6648
0.2049
-0.3129
-0.6999
-0.9563
-1.136
-1.2048
-1.3226
-1.5377
-1.7657
-2.1655
-2.4628
-2.4656
-2.4925
-2.686
-2.8733
-3.8147
-4.8841
-5.0466
-5.1029
-5.0862
-4.9634
-4.7141
-3.778
-2.8352
-1.928
-1.0246
-0.0989
0.8951
1.896
4.8997
7.8872
8.4519
8.9741
9.0634
9.158
7.9729
5.5075
3.2921
2.0649
0.8399
0.0699
-0.4552
-0.8025
-0.8198
-0.873
-0.9702
-1.0716
-1.3151
-1.6233
-1.8879
-2.0427
-2.1898
-2.2981
-2.361
-2.3319
-2.3136
-2.3845
-2.4665
-2.5143
-2.571
-2.639
-2.8278
-3.0639
-3.3105
-3.6229
-3.9446
-3.9983
-3.9909
-3.4045
-2.7595
-1.9158
-0.8272
0.2211
1.1818
2.387
4.331
6.2034
6.7302
7.2577
6.7697
5.9445
5.2534
4.6527
4.0643
3.4962
2.8756
2.0909
1.3636
0.9469
0.5469
0.4104
0.2763
0.06
-0.4914
-1.0415
-1.224
-1.406
-1.5879
-1.916
-2.261
-2.597
-2.8948
-3.194
-3.3462
-3.4855
-3.4964
-3.5093
-3.7555
-4.1577
-4.4421
-4.582
-4.6112
-4.5047
-4.2001
-3.3
-2.0043
-0.2248
1.3659
2.5149
3.6789
4.9628
6.2099
6.7164
7.0355
6.5964
5.9903
4.877
3.7669
3.295
2.8964
2.4429
1.9212
1.3881
0.8164
0.3665
0.1986
-0.0016
-0.3314
-0.6368
-0.867
-1.1186
-1.5465
-1.9773
-2.1604
-2.3229
-2.51
-2.7015
-2.9169
-3.1472
-3.3665
-3.5273
-3.6945
-3.8713
-4.0425
-4.1887
-4.3582
-4.5777
-4.53
-3.4063
-2.2836
-1.2692
-0.5777
0.1145
1.5055
3.0727
4.6424
5.8334
6.7733
7.202
6.6784
6.1089
5.4504
4.7784
3.9465
3.1192
2.6149
2.221
1.8311
1.1353
0.4084
0.0103
-0.2099
-0.4583
-0.9756
-1.4661
-1.4616
-1.4575
-1.5503
-1.7085
-2.1033
-2.5418
-2.8606
-3.0327
-3.2079
-3.4548
-3.717
-3.9504
-4.1854
-4.3409
-4.4717
-4.5666
-4.444
-4.3236
-2.7753
-1.2284
-0.3619
0.4682
1.2738
2.0737
3.2372
4.5575
5.3562
5.9826
5.8951
5.5032
5.0956
4.6863
4.2009
3.6922
3.0896
2.4575
1.8657
1.2803
0.8352
0.4512
0.1493
-0.1081
-0.365
-0.7111
-1.0799
-1.4231
-1.5293
-1.6372
-1.8397
-2.0548
-2.303
-2.6
-2.9112
-3.2391
-3.527
-3.7171
-3.9148
-4.1256
-4.3254
-4.472
-4.5561
-4.4476
-4.1181
-3.2703
-2.4235
-0.6439
1.1846
2.6138
3.9731
5.2048
6.3827
6.6846
6.5158
6.1212
5.606
5.0276
4.3299
3.6342
2.8043
1.9028
1.2997
1.0607
0.8225
0.5847
0.3282
-0.0356
-0.4003
-0.6862
-0.9538
-1.2218
-1.4922
-1.5994
-1.6915
-2.0303
-2.4772
-2.7237
-2.8641
-3.067
-3.299
-3.5438
-3.8055
-4.0926
-4.5057
-4.9217
-5.0322
-5.1283
-4.5196
-3.8333
-2.9318
-1.9918
-0.1508
1.6919
3.1434
4.3354
5.4702
6.3663
7.2055
6.8847
6.5689
5.9038
5.1816
4.5053
3.8446
3.0601
2.1946
1.6227
1.179
0.8145
0.5288
0.2284
-0.1404
-0.5103
-0.9065
-1.3018
-1.4738
-1.6462
-1.8803
-2.1265
-2.26
-2.3672
-2.4534
-2.5325
-2.6916
-2.9169
-3.0651
-3.1735
-3.2855
-3.6658
-4.1156
-4.3541
-4.4199
-4.4879
-4.0359
-2.9473
-1.879
-1.1833
-0.4871
1.0183
3.1866
4.831
5.835
6.6202
6.7434
6.6429
5.6359
4.6337
3.8363
3.0442
2.5217
2.0925
1.4346
0.6558
0.2929
0.2712
0.1672
-0.0035
-0.1879
-0.3953
-0.5997
-0.9663
-1.3597
-1.5422
-1.6337
-1.7659
-1.9393
-2.0186
-2.0045
-1.9908
-2.0842
-2.2656
-2.4222
-2.5628
-2.6743
-2.6652
-2.7096
-2.852
-2.9957
-2.734
-2.3377
-1.7123
-0.8574
0.0068
0.8889
1.7422
2.4331
3.152
3.9363
4.7211
4.4362
4.1521
3.7786
3.3833
2.7635
2.0692
1.4886
1.2475
1.0065
0.7655
0.5244
0.2827
0.1089
-0.029
-0.1684
-0.4016
-0.6417
-0.7675
-0.7531
-0.819
-1.0317
-1.2212
-1.3818
-1.5088
-1.6024
-1.7319
-1.925
-2.2466
-2.6966
-2.975
-3.0816
-3.1852
-3.2775
-3.3743
-3.4818
-3.4261
-2.7127
-1.6199
0.1784
1.5663
2.1923
2.8485
3.6214
4.3967
4.6166
4.4674
4.2348
3.8443
3.4577
2.7508
2.0845
1.7263
1.3999
1.161
0.9258
0.516
0.078
-0.0211
-0.0582
-0.2072
-0.3735
-0.6631
-0.9381
-0.9576
-0.9765
-1.0697
-1.1862
-1.3431
-1.4836
-1.5279
-1.5732
-1.6989
-1.829
-1.978
-2.1284
-2.2832
-2.4397
-2.5376
-2.63
-2.7159
-2.6584
-2.6014
-0.3528